$ 1 0.000005 10.20027730826997 57 5 50 5e-11
v 96 256 96 112 0 0 40 3.3 0 0 0.5
g 96 256 96 304 0 0
r 96 112 192 112 0 3300
r 192 144 336 144 0 5000
w 336 144 336 192 0
w 192 112 192 144 0
w 192 144 192 176 0
w 96 256 192 256 0
w 192 208 192 256 0
a 192 192 336 192 8 15 -15 1000000 0.00004999874245587156 0 100000
O 336 192 336 256 1 0
a 512 272 656 272 8 15 -15 1000000 -0.000049997742501021546 0 100000
w 512 288 512 336 0
w 96 256 512 336 0
w 512 224 512 256 0
w 512 192 512 224 0
w 656 272 656 224 0
w 656 272 736 272 0
p 736 272 736 384 3 0 0
r 656 224 512 192 0 10000
r 512 192 336 192 0 10000
o 0 64 0 12802 3.3 0.0001 0 2 0 3
o 10 64 0 12290 4.999874245587156 0.0001 1 1
o 17 64 0 12290 4.9997742501021545 0.0001 2 2 17 3
38 0 F1 0 0 3.3 -1 Voltage
